443	2
53	4
54	4
164	4
377	4
443	4
28	5
191	5
115	10
19	11
26	11
29	11
31	11
34	11
36	11
38	11
41	11
45	11
83	11
89	11
108	11
110	11
114	11
117	11
120	11
124	11
130	11
133	11
160	11
161	11
164	11
168	11
191	11
192	11
221	11
222	11
241	11
264	11
280	11
281	11
288	11
329	11
355	11
379	11
381	11
53	12
60	12
70	12
88	12
90	12
116	12
125	12
156	12
256	12
333	12
88	15
156	15
234	15
69	16
73	16
81	16
98	16
141	16
186	16
62	17
65	17
100	17
115	17
168	17
26	19
31	19
161	19
192	19
264	19
280	19
379	19
381	19
26	23
29	23
31	23
34	23
36	23
37	23
38	23
41	23
45	23
89	23
108	23
117	23
120	23
124	23
133	23
160	23
161	23
191	23
192	23
221	23
222	23
230	23
241	23
264	23
280	23
281	23
288	23
329	23
379	23
381	23
62	24
65	24
100	24
168	24
28	25
43	25
44	25
49	25
53	25
73	25
81	25
85	25
94	25
100	25
127	25
160	25
168	25
191	25
238	25
245	25
259	25
333	25
430	25
31	26
88	26
125	26
138	26
161	26
192	26
245	26
264	26
300	26
366	26
379	26
381	26
12	28
15	28
26	28
31	28
32	28
34	28
38	28
42	28
43	28
53	28
55	28
60	28
62	28
65	28
73	28
74	28
81	28
85	28
89	28
100	28
101	28
108	28
112	28
115	28
116	28
118	28
119	28
120	28
125	28
133	28
140	28
141	28
156	28
160	28
161	28
164	28
168	28
191	28
192	28
193	28
206	28
222	28
245	28
259	28
264	28
280	28
281	28
292	28
300	28
324	28
333	28
335	28
379	28
381	28
405	28
430	28
444	28
19	29
26	29
28	29
31	29
32	29
34	29
38	29
42	29
43	29
53	29
55	29
62	29
73	29
74	29
81	29
85	29
88	29
89	29
92	29
100	29
101	29
104	29
108	29
112	29
115	29
116	29
118	29
119	29
120	29
125	29
127	29
130	29
133	29
138	29
139	29
140	29
141	29
156	29
160	29
161	29
168	29
182	29
183	29
191	29
192	29
193	29
222	29
245	29
256	29
259	29
264	29
280	29
281	29
297	29
300	29
324	29
330	29
333	29
366	29
379	29
381	29
405	29
430	29
11	30
19	30
23	30
26	30
28	30
29	30
31	30
33	30
34	30
36	30
38	30
39	30
41	30
42	30
43	30
45	30
53	30
57	30
59	30
72	30
73	30
81	30
83	30
85	30
89	30
92	30
94	30
95	30
98	30
99	30
100	30
101	30
108	30
112	30
114	30
117	30
120	30
122	30
124	30
125	30
127	30
133	30
134	30
135	30
139	30
141	30
160	30
161	30
166	30
168	30
176	30
180	30
182	30
183	30
191	30
192	30
221	30
222	30
241	30
245	30
259	30
264	30
280	30
281	30
288	30
297	30
329	30
330	30
355	30
366	30
379	30
381	30
397	30
398	30
405	30
415	30
428	30
430	30
436	30
381	31
26	32
55	32
116	32
119	32
125	32
192	32
300	32
333	32
430	32
11	33
19	33
23	33
26	33
28	33
29	33
31	33
32	33
34	33
36	33
38	33
39	33
41	33
42	33
43	33
45	33
53	33
55	33
57	33
59	33
61	33
63	33
71	33
72	33
73	33
74	33
81	33
83	33
85	33
89	33
92	33
94	33
95	33
96	33
99	33
100	33
101	33
104	33
108	33
112	33
114	33
115	33
116	33
117	33
118	33
119	33
120	33
122	33
124	33
125	33
127	33
128	33
133	33
134	33
135	33
139	33
140	33
141	33
146	33
155	33
156	33
160	33
161	33
166	33
168	33
176	33
180	33
182	33
183	33
191	33
192	33
193	33
205	33
221	33
222	33
241	33
245	33
259	33
261	33
264	33
280	33
281	33
288	33
297	33
300	33
324	33
329	33
330	33
333	33
344	33
348	33
355	33
366	33
369	33
379	33
381	33
387	33
397	33
398	33
405	33
415	33
428	33
430	33
436	33
440	33
441	33
19	34
26	34
31	34
100	34
101	34
108	34
112	34
120	34
125	34
127	34
161	34
182	34
183	34
191	34
192	34
222	34
245	34
259	34
264	34
280	34
281	34
366	34
379	34
381	34
430	34
88	35
259	35
333	35
19	36
26	36
28	36
29	36
31	36
34	36
38	36
41	36
42	36
45	36
53	36
59	36
62	36
72	36
81	36
88	36
89	36
92	36
100	36
101	36
108	36
112	36
117	36
120	36
125	36
130	36
133	36
138	36
139	36
160	36
161	36
168	36
182	36
183	36
191	36
192	36
222	36
256	36
264	36
280	36
281	36
297	36
330	36
366	36
379	36
381	36
405	36
32	37
53	37
73	37
85	37
141	37
150	37
151	37
186	37
195	37
239	37
259	37
333	37
19	38
26	38
31	38
34	38
73	38
100	38
101	38
108	38
112	38
120	38
125	38
127	38
161	38
182	38
183	38
191	38
192	38
222	38
245	38
264	38
280	38
281	38
330	38
366	38
379	38
381	38
405	38
12	39
26	39
28	39
29	39
31	39
32	39
34	39
36	39
38	39
41	39
42	39
43	39
45	39
53	39
55	39
61	39
68	39
72	39
73	39
74	39
81	39
85	39
89	39
90	39
94	39
98	39
100	39
102	39
104	39
108	39
115	39
116	39
117	39
118	39
119	39
120	39
122	39
125	39
127	39
131	39
133	39
135	39
140	39
141	39
144	39
147	39
150	39
151	39
154	39
156	39
158	39
160	39
161	39
162	39
164	39
185	39
189	39
191	39
192	39
193	39
194	39
195	39
196	39
222	39
239	39
245	39
259	39
264	39
280	39
281	39
300	39
324	39
330	39
333	39
335	39
348	39
350	39
353	39
379	39
381	39
387	39
430	39
437	39
443	39
53	40
73	40
85	40
94	40
239	40
259	40
261	40
333	40
19	41
26	41
28	41
29	41
31	41
32	41
34	41
38	41
42	41
43	41
53	41
55	41
59	41
73	41
74	41
81	41
85	41
89	41
92	41
100	41
101	41
104	41
108	41
112	41
115	41
116	41
118	41
119	41
120	41
125	41
127	41
133	41
139	41
140	41
141	41
156	41
160	41
161	41
164	41
182	41
183	41
191	41
192	41
193	41
222	41
245	41
259	41
264	41
280	41
281	41
297	41
300	41
324	41
330	41
333	41
366	41
379	41
381	41
387	41
405	41
430	41
26	42
31	42
32	42
34	42
38	42
43	42
53	42
55	42
73	42
74	42
81	42
85	42
89	42
108	42
115	42
116	42
119	42
120	42
125	42
140	42
141	42
156	42
160	42
161	42
186	42
191	42
192	42
193	42
222	42
259	42
264	42
280	42
281	42
300	42
333	42
379	42
381	42
430	42
26	43
32	43
34	43
38	43
55	43
73	43
100	43
101	43
108	43
112	43
116	43
120	43
127	43
141	43
150	43
156	43
161	43
168	43
185	43
191	43
192	43
222	43
245	43
259	43
264	43
280	43
300	43
333	43
335	43
353	43
379	43
381	43
405	43
430	43
19	45
26	45
28	45
29	45
31	45
34	45
38	45
41	45
42	45
43	45
53	45
59	45
72	45
73	45
81	45
85	45
89	45
92	45
100	45
101	45
108	45
112	45
120	45
125	45
127	45
133	45
139	45
160	45
161	45
168	45
182	45
183	45
191	45
192	45
222	45
245	45
259	45
264	45
280	45
281	45
297	45
330	45
366	45
379	45
381	45
405	45
430	45
81	46
28	47
77	47
81	47
191	47
247	47
292	47
28	50
53	50
73	50
77	50
81	50
85	50
94	50
134	50
191	50
247	50
259	50
261	50
333	50
81	52
15	53
26	53
31	53
32	53
34	53
35	53
38	53
43	53
55	53
56	53
60	53
70	53
73	53
90	53
100	53
101	53
102	53
108	53
112	53
116	53
119	53
120	53
125	53
141	53
147	53
150	53
156	53
161	53
168	53
185	53
189	53
191	53
192	53
195	53
206	53
218	53
222	53
239	53
256	53
259	53
264	53
280	53
281	53
300	53
330	53
333	53
335	53
366	53
379	53
381	53
405	53
430	53
437	53
444	53
11	54
19	54
26	54
28	54
29	54
32	54
33	54
39	54
41	54
42	54
43	54
53	54
55	54
61	54
63	54
69	54
71	54
72	54
73	54
74	54
77	54
79	54
81	54
85	54
87	54
88	54
94	54
95	54
96	54
98	54
104	54
115	54
116	54
118	54
119	54
121	54
122	54
125	54
128	54
134	54
140	54
141	54
155	54
156	54
164	54
186	54
188	54
192	54
193	54
205	54
217	54
218	54
256	54
259	54
261	54
282	54
287	54
296	54
300	54
319	54
324	54
333	54
334	54
348	54
368	54
369	54
387	54
398	54
415	54
428	54
430	54
440	54
441	54
26	55
116	55
119	55
125	55
151	55
189	55
192	55
300	55
333	55
430	55
437	55
259	56
333	56
25	57
26	57
29	57
34	57
38	57
39	57
41	57
43	57
45	57
53	57
63	57
68	57
71	57
72	57
73	57
74	57
75	57
85	57
89	57
94	57
96	57
98	57
100	57
104	57
108	57
115	57
116	57
118	57
120	57
121	57
122	57
124	57
131	57
133	57
135	57
140	57
141	57
150	57
154	57
158	57
160	57
161	57
162	57
167	57
168	57
185	57
189	57
191	57
195	57
220	57
222	57
239	57
259	57
261	57
264	57
280	57
287	57
288	57
300	57
324	57
330	57
333	57
335	57
344	57
348	57
353	57
354	57
355	57
379	57
381	57
387	57
428	57
430	57
437	57
441	57
88	58
135	58
234	58
256	58
330	58
26	59
29	59
31	59
34	59
38	59
43	59
55	59
67	59
80	59
89	59
92	59
101	59
108	59
112	59
120	59
130	59
133	59
139	59
160	59
161	59
182	59
183	59
191	59
192	59
193	59
222	59
264	59
280	59
281	59
330	59
342	59
350	59
366	59
379	59
381	59
387	59
405	59
26	60
88	60
116	60
333	60
335	60
444	60
26	61
28	61
29	61
32	61
41	61
42	61
53	61
55	61
73	61
74	61
81	61
116	61
141	61
164	61
191	61
192	61
300	61
333	61
26	62
80	62
81	62
92	62
100	62
139	62
182	62
183	62
239	62
259	62
342	62
350	62
26	63
28	63
29	63
32	63
37	63
39	63
41	63
42	63
43	63
53	63
55	63
61	63
72	63
73	63
74	63
81	63
85	63
94	63
95	63
98	63
100	63
104	63
107	63
115	63
116	63
118	63
119	63
122	63
125	63
127	63
140	63
141	63
156	63
160	63
164	63
168	63
191	63
192	63
193	63
205	63
239	63
245	63
259	63
261	63
300	63
324	63
333	63
335	63
348	63
387	63
430	63
26	64
29	64
36	64
53	64
72	64
73	64
92	64
95	64
101	64
111	64
112	64
116	64
135	64
138	64
139	64
176	64
182	64
239	64
330	64
333	64
337	64
366	64
397	64
438	64
443	64
80	65
100	65
125	65
168	65
182	65
183	65
259	65
330	65
182	67
15	68
43	68
53	68
69	68
72	68
73	68
74	68
85	68
90	68
98	68
100	68
101	68
102	68
104	68
112	68
127	68
131	68
147	68
150	68
151	68
156	68
158	68
186	68
191	68
194	68
195	68
196	68
239	68
245	68
259	68
333	68
348	68
353	68
405	68
15	69
37	69
42	69
53	69
67	69
73	69
85	69
98	69
101	69
102	69
106	69
112	69
125	69
130	69
141	69
164	69
259	69
330	69
333	69
405	69
26	70
60	70
206	70
335	70
444	70
26	71
28	71
29	71
32	71
39	71
41	71
42	71
53	71
55	71
63	71
73	71
74	71
81	71
85	71
94	71
116	71
141	71
160	71
164	71
192	71
259	71
261	71
300	71
333	71
335	71
443	71
26	72
28	72
29	72
31	72
32	72
34	72
38	72
41	72
42	72
43	72
53	72
55	72
59	72
67	72
69	72
73	72
74	72
80	72
81	72
89	72
92	72
98	72
101	72
102	72
104	72
108	72
112	72
115	72
116	72
120	72
130	72
133	72
138	72
139	72
141	72
156	72
158	72
160	72
161	72
164	72
182	72
183	72
186	72
191	72
192	72
193	72
222	72
239	72
259	72
264	72
280	72
281	72
300	72
330	72
333	72
335	72
342	72
349	72
350	72
366	72
379	72
381	72
387	72
405	72
15	73
26	73
32	73
34	73
35	73
55	73
56	73
67	73
88	73
90	73
100	73
101	73
102	73
108	73
112	73
116	73
119	73
120	73
125	73
138	73
141	73
147	73
150	73
151	73
156	73
161	73
182	73
183	73
185	73
191	73
192	73
194	73
195	73
218	73
222	73
256	73
259	73
264	73
280	73
300	73
304	73
333	73
335	73
342	73
350	73
353	73
366	73
379	73
381	73
430	73
437	73
26	74
32	74
43	74
53	74
55	74
73	74
81	74
90	74
102	74
116	74
119	74
125	74
127	74
131	74
141	74
147	74
150	74
151	74
156	74
158	74
185	74
189	74
192	74
194	74
195	74
239	74
259	74
300	74
330	74
333	74
335	74
350	74
353	74
379	74
430	74
437	74
443	74
12	75
15	75
26	75
39	75
43	75
53	75
55	75
60	75
72	75
73	75
74	75
85	75
94	75
95	75
98	75
100	75
101	75
104	75
112	75
116	75
122	75
127	75
141	75
145	75
151	75
154	75
156	75
158	75
160	75
168	75
189	75
191	75
193	75
205	75
206	75
239	75
245	75
259	75
261	75
333	75
335	75
344	75
348	75
397	75
405	75
430	75
437	75
441	75
444	75
53	76
65	76
73	76
85	76
94	76
100	76
167	76
239	76
259	76
261	76
333	76
5	77
28	77
32	77
39	77
41	77
42	77
43	77
53	77
55	77
57	77
61	77
62	77
63	77
65	77
68	77
71	77
72	77
73	77
74	77
75	77
81	77
82	77
85	77
90	77
94	77
95	77
96	77
97	77
98	77
100	77
102	77
104	77
106	77
115	77
116	77
118	77
119	77
121	77
122	77
125	77
127	77
131	77
134	77
135	77
140	77
141	77
142	77
144	77
145	77
147	77
148	77
149	77
150	77
151	77
152	77
154	77
156	77
157	77
158	77
160	77
162	77
167	77
168	77
174	77
185	77
189	77
191	77
193	77
194	77
195	77
196	77
205	77
216	77
230	77
232	77
239	77
245	77
257	77
259	77
261	77
292	77
300	77
324	77
330	77
333	77
334	77
335	77
344	77
348	77
350	77
353	77
354	77
369	77
379	77
387	77
398	77
428	77
430	77
436	77
437	77
438	77
441	77
443	77
28	79
32	79
37	79
39	79
41	79
43	79
53	79
55	79
57	79
61	79
63	79
68	79
69	79
71	79
72	79
73	79
74	79
77	79
81	79
82	79
85	79
90	79
94	79
95	79
96	79
98	79
100	79
102	79
104	79
115	79
116	79
118	79
119	79
121	79
122	79
125	79
127	79
128	79
131	79
134	79
140	79
141	79
142	79
144	79
145	79
147	79
148	79
149	79
150	79
151	79
152	79
154	79
156	79
158	79
160	79
168	79
186	79
191	79
193	79
194	79
195	79
196	79
205	79
232	79
239	79
245	79
259	79
261	79
300	79
324	79
333	79
344	79
348	79
353	79
369	79
387	79
398	79
428	79
430	79
436	79
441	79
100	80
101	80
112	80
182	80
342	80
350	80
366	80
15	81
26	81
31	81
32	81
34	81
38	81
43	81
53	81
55	81
60	81
73	81
92	81
101	81
103	81
106	81
108	81
112	81
116	81
119	81
120	81
125	81
129	81
141	81
156	81
161	81
163	81
182	81
183	81
185	81
191	81
192	81
218	81
222	81
230	81
240	81
245	81
259	81
264	81
280	81
281	81
292	81
300	81
330	81
333	81
379	81
381	81
405	81
430	81
437	81
444	81
39	82
43	82
53	82
55	82
57	82
63	82
68	82
71	82
72	82
73	82
74	82
75	82
85	82
90	82
94	82
96	82
98	82
100	82
102	82
104	82
115	82
116	82
121	82
122	82
127	82
131	82
135	82
140	82
141	82
142	82
144	82
145	82
147	82
149	82
150	82
151	82
152	82
154	82
156	82
158	82
160	82
162	82
185	82
189	82
191	82
194	82
195	82
196	82
239	82
245	82
259	82
261	82
300	82
324	82
330	82
335	82
344	82
348	82
353	82
379	82
428	82
436	82
437	82
441	82
443	82
19	83
23	83
26	83
28	83
29	83
31	83
34	83
36	83
38	83
39	83
41	83
42	83
43	83
45	83
53	83
57	83
59	83
72	83
73	83
81	83
85	83
89	83
92	83
94	83
95	83
100	83
101	83
108	83
112	83
114	83
117	83
120	83
122	83
124	83
125	83
127	83
133	83
135	83
139	83
160	83
161	83
180	83
182	83
183	83
191	83
192	83
221	83
222	83
241	83
245	83
264	83
280	83
281	83
288	83
297	83
329	83
330	83
355	83
366	83
379	83
381	83
397	83
405	83
428	83
436	83
53	84
73	84
85	84
94	84
134	84
259	84
261	84
333	84
26	85
32	85
34	85
35	85
38	85
43	85
53	85
55	85
56	85
60	85
65	85
70	85
73	85
74	85
81	85
89	85
90	85
100	85
102	85
108	85
116	85
120	85
131	85
141	85
147	85
150	85
156	85
158	85
160	85
161	85
168	85
185	85
191	85
192	85
195	85
218	85
222	85
239	85
256	85
259	85
264	85
280	85
300	85
330	85
333	85
335	85
366	85
379	85
381	85
430	85
437	85
12	87
15	87
26	87
29	87
35	87
36	87
58	87
60	87
73	87
92	87
99	87
134	87
139	87
164	87
176	87
180	87
182	87
183	87
184	87
185	87
199	87
259	87
313	87
421	87
437	87
184	88
199	88
19	89
26	89
31	89
34	89
38	89
43	89
53	89
73	89
81	89
92	89
100	89
101	89
108	89
112	89
120	89
125	89
127	89
161	89
182	89
183	89
191	89
192	89
222	89
245	89
264	89
280	89
281	89
330	89
366	89
379	89
381	89
405	89
26	90
60	90
147	90
150	90
151	90
156	90
194	90
195	90
206	90
335	90
353	90
444	90
26	92
31	92
34	92
38	92
65	92
67	92
73	92
80	92
88	92
100	92
101	92
108	92
112	92
116	92
120	92
138	92
161	92
168	92
182	92
183	92
191	92
192	92
222	92
234	92
239	92
256	92
264	92
280	92
281	92
330	92
333	92
342	92
350	92
366	92
379	92
381	92
405	92
10	94
15	94
17	94
26	94
28	94
29	94
32	94
34	94
35	94
37	94
38	94
41	94
42	94
43	94
45	94
53	94
55	94
56	94
68	94
69	94
72	94
73	94
74	94
81	94
85	94
89	94
98	94
100	94
101	94
102	94
104	94
108	94
112	94
115	94
116	94
118	94
120	94
131	94
133	94
140	94
141	94
147	94
150	94
154	94
156	94
158	94
160	94
161	94
162	94
164	94
168	94
185	94
191	94
192	94
193	94
195	94
218	94
222	94
239	94
256	94
259	94
264	94
280	94
300	94
330	94
333	94
335	94
354	94
366	94
379	94
381	94
387	94
405	94
430	94
437	94
26	95
28	95
29	95
31	95
32	95
34	95
36	95
38	95
39	95
41	95
42	95
43	95
45	95
53	95
55	95
59	95
67	95
68	95
69	95
72	95
73	95
74	95
80	95
81	95
89	95
92	95
94	95
98	95
101	95
102	95
104	95
108	95
112	95
115	95
116	95
117	95
120	95
130	95
133	95
135	95
138	95
139	95
141	95
156	95
158	95
160	95
161	95
164	95
180	95
182	95
183	95
186	95
191	95
192	95
193	95
222	95
239	95
241	95
248	95
261	95
264	95
280	95
281	95
300	95
329	95
330	95
333	95
342	95
344	95
349	95
350	95
366	95
379	95
381	95
387	95
397	95
405	95
26	96
28	96
29	96
32	96
39	96
41	96
42	96
43	96
53	96
55	96
63	96
68	96
73	96
74	96
81	96
85	96
90	96
94	96
100	96
102	96
104	96
116	96
121	96
122	96
127	96
131	96
141	96
144	96
145	96
147	96
149	96
150	96
151	96
152	96
154	96
156	96
158	96
160	96
164	96
168	96
191	96
192	96
194	96
195	96
196	96
239	96
245	96
259	96
261	96
287	96
296	96
300	96
333	96
335	96
348	96
353	96
428	96
430	96
436	96
443	96
28	97
52	97
53	97
81	97
191	97
15	98
32	98
37	98
42	98
43	98
53	98
67	98
73	98
74	98
85	98
100	98
101	98
102	98
106	98
108	98
112	98
116	98
125	98
127	98
130	98
131	98
141	98
150	98
156	98
158	98
160	98
161	98
164	98
168	98
191	98
195	98
245	98
259	98
304	98
330	98
333	98
335	98
379	98
381	98
405	98
430	98
11	99
19	99
23	99
26	99
28	99
29	99
31	99
34	99
36	99
38	99
39	99
41	99
42	99
45	99
53	99
59	99
62	99
64	99
72	99
81	99
83	99
88	99
89	99
92	99
95	99
100	99
101	99
108	99
110	99
112	99
114	99
117	99
120	99
121	99
122	99
124	99
125	99
130	99
133	99
135	99
138	99
139	99
160	99
161	99
167	99
168	99
174	99
176	99
180	99
182	99
183	99
191	99
192	99
221	99
222	99
241	99
247	99
256	99
264	99
280	99
281	99
288	99
297	99
319	99
329	99
330	99
337	99
355	99
366	99
379	99
381	99
397	99
398	99
405	99
428	99
438	99
441	99
26	100
108	100
120	100
125	100
127	100
141	100
150	100
161	100
182	100
185	100
191	100
222	100
245	100
259	100
264	100
280	100
333	100
335	100
342	100
379	100
381	100
430	100
26	101
31	101
55	101
67	101
112	101
116	101
120	101
138	101
156	101
161	101
182	101
191	101
192	101
222	101
264	101
280	101
281	101
333	101
342	101
366	101
379	101
381	101
15	102
90	102
101	102
112	102
147	102
150	102
151	102
156	102
194	102
195	102
259	102
333	102
353	102
15	104
26	104
28	104
32	104
42	104
43	104
53	104
55	104
73	104
74	104
81	104
85	104
90	104
100	104
101	104
102	104
112	104
116	104
119	104
127	104
131	104
141	104
147	104
150	104
151	104
156	104
158	104
160	104
164	104
189	104
191	104
192	104
194	104
195	104
239	104
245	104
259	104
300	104
333	104
335	104
342	104
350	104
353	104
405	104
443	104
19	108
26	108
31	108
101	108
112	108
120	108
125	108
127	108
141	108
156	108
161	108
182	108
191	108
192	108
222	108
245	108
259	108
264	108
280	108
281	108
333	108
366	108
379	108
381	108
19	110
26	110
29	110
36	110
130	110
168	110
53	111
59	111
72	111
80	111
92	111
95	111
101	111
112	111
116	111
125	111
130	111
135	111
138	111
139	111
176	111
180	111
182	111
183	111
239	111
248	111
303	111
330	111
333	111
342	111
344	111
349	111
350	111
366	111
387	111
397	111
405	111
26	112
31	112
55	112
67	112
116	112
120	112
138	112
156	112
161	112
182	112
191	112
192	112
222	112
264	112
280	112
333	112
342	112
366	112
379	112
381	112
19	114
23	114
26	114
28	114
29	114
31	114
34	114
36	114
38	114
39	114
41	114
42	114
45	114
53	114
59	114
72	114
73	114
81	114
89	114
92	114
95	114
98	114
101	114
108	114
112	114
117	114
120	114
124	114
125	114
133	114
135	114
139	114
141	114
160	114
161	114
180	114
182	114
183	114
191	114
192	114
221	114
222	114
241	114
264	114
280	114
281	114
288	114
297	114
329	114
330	114
355	114
366	114
379	114
381	114
397	114
405	114
428	114
15	115
26	115
32	115
43	115
53	115
55	115
73	115
74	115
81	115
85	115
101	115
112	115
116	115
141	115
160	115
164	115
168	115
192	115
239	115
259	115
300	115
333	115
335	115
405	115
430	115
26	116
125	116
138	116
192	116
300	116
333	116
335	116
366	116
430	116
444	116
19	117
26	117
28	117
29	117
31	117
34	117
38	117
41	117
42	117
45	117
53	117
59	117
72	117
81	117
89	117
92	117
101	117
108	117
112	117
120	117
125	117
133	117
139	117
160	117
161	117
182	117
183	117
191	117
192	117
222	117
264	117
280	117
281	117
297	117
330	117
366	117
379	117
381	117
405	117
26	118
32	118
42	118
43	118
53	118
55	118
73	118
74	118
81	118
85	118
100	118
116	118
127	118
141	118
160	118
164	118
168	118
191	118
192	118
239	118
245	118
259	118
300	118
333	118
430	118
26	119
116	119
189	119
192	119
300	119
333	119
19	120
26	120
31	120
125	120
127	120
161	120
182	120
191	120
192	120
245	120
264	120
280	120
366	120
379	120
381	120
28	121
29	121
32	121
39	121
41	121
43	121
53	121
55	121
61	121
62	121
63	121
65	121
68	121
71	121
72	121
73	121
74	121
75	121
81	121
85	121
90	121
92	121
94	121
95	121
98	121
100	121
102	121
104	121
115	121
116	121
118	121
119	121
122	121
125	121
131	121
135	121
139	121
140	121
141	121
144	121
145	121
147	121
149	121
150	121
151	121
154	121
156	121
158	121
160	121
167	121
168	121
174	121
180	121
182	121
183	121
189	121
193	121
194	121
195	121
196	121
205	121
216	121
239	121
259	121
261	121
300	121
324	121
330	121
333	121
335	121
342	121
344	121
348	121
349	121
350	121
353	121
387	121
428	121
430	121
437	121
438	121
441	121
443	121
25	122
26	122
28	122
29	122
32	122
34	122
38	122
41	122
42	122
43	122
45	122
53	122
55	122
68	122
73	122
74	122
81	122
85	122
89	122
94	122
98	122
100	122
104	122
108	122
116	122
118	122
120	122
127	122
131	122
133	122
140	122
141	122
150	122
154	122
158	122
160	122
161	122
162	122
164	122
168	122
185	122
191	122
192	122
220	122
222	122
239	122
245	122
259	122
264	122
280	122
297	122
300	122
333	122
335	122
354	122
379	122
381	122
387	122
430	122
19	124
26	124
28	124
29	124
31	124
34	124
36	124
38	124
39	124
41	124
42	124
43	124
45	124
53	124
59	124
72	124
73	124
81	124
85	124
89	124
92	124
94	124
95	124
100	124
101	124
108	124
112	124
117	124
120	124
122	124
125	124
127	124
133	124
135	124
139	124
160	124
161	124
180	124
182	124
183	124
191	124
192	124
222	124
241	124
245	124
264	124
280	124
281	124
288	124
297	124
329	124
330	124
366	124
379	124
381	124
397	124
405	124
31	125
381	125
87	126
88	126
135	126
234	126
239	126
256	126
282	126
319	126
330	126
372	126
26	127
150	127
161	127
185	127
264	127
280	127
333	127
335	127
379	127
381	127
26	128
28	128
29	128
32	128
39	128
41	128
42	128
43	128
53	128
55	128
57	128
63	128
68	128
73	128
74	128
75	128
77	128
81	128
82	128
90	128
96	128
102	128
104	128
116	128
119	128
121	128
127	128
131	128
134	128
135	128
141	128
142	128
144	128
145	128
147	128
148	128
149	128
150	128
151	128
152	128
154	128
156	128
158	128
160	128
164	128
189	128
192	128
194	128
195	128
196	128
216	128
232	128
239	128
259	128
261	128
287	128
296	128
300	128
330	128
333	128
334	128
335	128
344	128
348	128
350	128
353	128
368	128
369	128
387	128
428	128
443	128
19	130
26	130
73	130
80	130
92	130
101	130
112	130
139	130
141	130
168	130
183	130
186	130
330	130
366	130
405	130
43	131
53	131
73	131
90	131
100	131
102	131
119	131
127	131
141	131
147	131
150	131
151	131
156	131
168	131
189	131
191	131
194	131
195	131
239	131
245	131
259	131
330	131
333	131
335	131
350	131
353	131
430	131
443	131
19	133
26	133
31	133
34	133
38	133
42	133
43	133
53	133
73	133
81	133
85	133
89	133
92	133
100	133
101	133
108	133
112	133
120	133
125	133
127	133
139	133
160	133
161	133
182	133
183	133
191	133
192	133
222	133
239	133
245	133
264	133
280	133
281	133
297	133
330	133
366	133
379	133
381	133
405	133
12	134
23	134
25	134
26	134
28	134
29	134
32	134
34	134
35	134
37	134
38	134
39	134
40	134
41	134
42	134
43	134
45	134
53	134
55	134
56	134
57	134
60	134
61	134
63	134
64	134
68	134
69	134
70	134
71	134
72	134
73	134
74	134
75	134
76	134
80	134
81	134
82	134
83	134
85	134
88	134
89	134
90	134
94	134
95	134
96	134
98	134
100	134
102	134
104	134
107	134
108	134
115	134
116	134
118	134
119	134
120	134
121	134
122	134
124	134
125	134
127	134
131	134
133	134
137	134
138	134
140	134
141	134
142	134
143	134
144	134
145	134
147	134
148	134
149	134
150	134
151	134
152	134
154	134
156	134
158	134
160	134
161	134
162	134
167	134
168	134
175	134
185	134
186	134
191	134
192	134
193	134
194	134
195	134
196	134
205	134
206	134
218	134
219	134
220	134
222	134
232	134
239	134
241	134
245	134
256	134
259	134
261	134
264	134
280	134
287	134
288	134
300	134
303	134
319	134
324	134
330	134
333	134
335	134
337	134
344	134
348	134
353	134
354	134
355	134
366	134
367	134
368	134
369	134
379	134
381	134
387	134
398	134
428	134
430	134
436	134
437	134
441	134
443	134
444	134
15	135
26	135
29	135
31	135
34	135
36	135
38	135
41	135
45	135
59	135
65	135
69	135
72	135
74	135
80	135
81	135
89	135
92	135
98	135
100	135
101	135
108	135
112	135
116	135
117	135
120	135
130	135
131	135
133	135
138	135
139	135
160	135
161	135
182	135
183	135
184	135
185	135
186	135
191	135
192	135
199	135
222	135
239	135
259	135
264	135
280	135
281	135
313	135
330	135
333	135
335	135
342	135
349	135
350	135
353	135
366	135
379	135
381	135
387	135
405	135
437	135
64	136
72	136
92	136
95	136
101	136
111	136
112	136
116	136
135	136
137	136
138	136
139	136
168	136
175	136
176	136
182	136
232	136
239	136
303	136
330	136
333	136
366	136
397	136
398	136
53	137
64	137
72	137
73	137
85	137
92	137
94	137
95	137
101	137
111	137
112	137
116	137
135	137
138	137
139	137
168	137
176	137
182	137
239	137
259	137
261	137
303	137
330	137
333	137
366	137
397	137
398	137
26	139
31	139
34	139
38	139
65	139
67	139
73	139
80	139
81	139
88	139
89	139
92	139
100	139
101	139
108	139
112	139
116	139
120	139
138	139
161	139
168	139
182	139
183	139
191	139
192	139
222	139
234	139
239	139
256	139
264	139
280	139
281	139
330	139
333	139
342	139
350	139
366	139
379	139
381	139
405	139
26	140
32	140
43	140
53	140
55	140
73	140
74	140
81	140
85	140
100	140
116	140
127	140
141	140
160	140
164	140
191	140
192	140
239	140
245	140
259	140
300	140
333	140
335	140
443	140
26	141
32	141
55	141
116	141
119	141
125	141
127	141
150	141
156	141
161	141
191	141
192	141
195	141
245	141
259	141
300	141
304	141
333	141
335	141
379	141
381	141
430	141
39	142
53	142
68	142
73	142
74	142
85	142
90	142
94	142
96	142
102	142
104	142
121	142
131	142
144	142
145	142
147	142
149	142
150	142
151	142
152	142
154	142
156	142
158	142
194	142
195	142
196	142
239	142
259	142
261	142
333	142
348	142
353	142
73	143
92	143
139	143
180	143
182	143
183	143
239	143
387	143
68	144
73	144
74	144
90	144
102	144
104	144
131	144
147	144
150	144
151	144
156	144
158	144
194	144
195	144
196	144
239	144
348	144
353	144
37	145
39	145
53	145
55	145
68	145
73	145
74	145
85	145
90	145
94	145
102	145
104	145
131	145
144	145
147	145
150	145
151	145
154	145
156	145
158	145
194	145
195	145
196	145
239	145
259	145
261	145
333	145
348	145
353	145
39	146
41	146
68	146
73	146
74	146
75	146
77	146
79	146
82	146
90	146
92	146
96	146
100	146
102	146
104	146
121	146
122	146
128	146
131	146
134	146
139	146
142	146
144	146
145	146
147	146
148	146
149	146
150	146
151	146
152	146
153	146
154	146
156	146
158	146
162	146
176	146
180	146
182	146
183	146
188	146
194	146
195	146
196	146
220	146
232	146
234	146
239	146
261	146
333	146
335	146
344	146
348	146
353	146
354	146
368	146
372	146
381	146
387	146
430	146
438	146
441	146
150	147
151	147
156	147
194	147
195	147
333	147
37	148
39	148
43	148
53	148
57	148
68	148
73	148
74	148
82	148
85	148
90	148
94	148
96	148
100	148
102	148
104	148
121	148
122	148
127	148
131	148
142	148
144	148
145	148
147	148
149	148
150	148
151	148
152	148
154	148
156	148
158	148
160	148
191	148
194	148
195	148
196	148
239	148
245	148
259	148
261	148
333	148
335	148
348	148
353	148
428	148
436	148
37	149
39	149
68	149
73	149
74	149
90	149
102	149
104	149
131	149
144	149
145	149
147	149
150	149
151	149
154	149
156	149
158	149
194	149
195	149
196	149
239	149
348	149
353	149
245	150
150	151
194	151
39	152
55	152
68	152
73	152
74	152
75	152
90	152
102	152
104	152
121	152
131	152
144	152
145	152
147	152
149	152
150	152
151	152
154	152
156	152
158	152
194	152
195	152
196	152
239	152
259	152
348	152
353	152
11	153
19	153
26	153
29	153
36	153
37	153
39	153
53	153
55	153
68	153
73	153
74	153
75	153
77	153
79	153
82	153
85	153
90	153
94	153
96	153
99	153
102	153
104	153
110	153
121	153
128	153
130	153
131	153
134	153
142	153
144	153
145	153
147	153
148	153
149	153
150	153
151	153
152	153
154	153
156	153
158	153
168	153
188	153
194	153
195	153
196	153
232	153
239	153
259	153
261	153
333	153
348	153
353	153
428	153
37	154
43	154
53	154
55	154
68	154
73	154
74	154
85	154
90	154
98	154
100	154
102	154
104	154
127	154
131	154
141	154
144	154
147	154
150	154
151	154
156	154
158	154
160	154
168	154
191	154
194	154
195	154
196	154
239	154
245	154
259	154
333	154
335	154
348	154
353	154
430	154
15	155
26	155
28	155
29	155
32	155
39	155
41	155
42	155
43	155
53	155
55	155
61	155
63	155
68	155
69	155
71	155
72	155
73	155
74	155
77	155
79	155
81	155
82	155
85	155
90	155
94	155
95	155
96	155
98	155
101	155
102	155
104	155
112	155
115	155
116	155
118	155
119	155
121	155
122	155
125	155
128	155
131	155
134	155
140	155
141	155
142	155
144	155
145	155
146	155
147	155
148	155
149	155
150	155
151	155
152	155
153	155
154	155
156	155
158	155
164	155
186	155
188	155
192	155
193	155
194	155
195	155
196	155
205	155
232	155
239	155
259	155
261	155
287	155
296	155
300	155
324	155
333	155
334	155
348	155
353	155
368	155
369	155
387	155
392	155
397	155
398	155
405	155
428	155
430	155
440	155
441	155
26	156
32	156
55	156
60	156
116	156
119	156
150	156
151	156
189	156
192	156
194	156
195	156
300	156
333	156
335	156
430	156
437	156
444	156
69	157
81	157
98	157
186	157
15	158
43	158
53	158
55	158
73	158
90	158
100	158
101	158
102	158
112	158
119	158
127	158
131	158
141	158
147	158
150	158
151	158
156	158
168	158
189	158
191	158
194	158
195	158
239	158
245	158
259	158
333	158
335	158
342	158
350	158
353	158
405	158
430	158
443	158
19	160
26	160
31	160
34	160
38	160
43	160
53	160
73	160
74	160
81	160
89	160
92	160
100	160
101	160
108	160
112	160
116	160
120	160
125	160
127	160
131	160
139	160
141	160
150	160
158	160
161	160
168	160
182	160
183	160
185	160
189	160
191	160
192	160
195	160
222	160
239	160
245	160
259	160
264	160
280	160
281	160
300	160
330	160
333	160
335	160
353	160
366	160
379	160
381	160
405	160
430	160
437	160
31	161
125	161
245	161
264	161
381	161
37	162
43	162
53	162
73	162
74	162
85	162
98	162
100	162
127	162
141	162
160	162
191	162
245	162
259	162
333	162
335	162
19	164
32	164
43	164
53	164
55	164
73	164
74	164
81	164
85	164
88	164
116	164
119	164
125	164
141	164
156	164
186	164
218	164
256	164
259	164
300	164
333	164
430	164
28	165
39	165
42	165
53	165
55	165
60	165
74	165
75	165
77	165
105	165
156	165
259	165
428	165
25	166
26	166
28	166
29	166
34	166
38	166
39	166
41	166
43	166
45	166
63	166
68	166
73	166
75	166
77	166
79	166
81	166
82	166
83	166
89	166
96	166
98	166
100	166
104	166
108	166
118	166
120	166
122	166
124	166
131	166
133	166
134	166
140	166
141	166
148	166
150	166
154	166
158	166
160	166
161	166
162	166
167	166
168	166
185	166
191	166
222	166
232	166
247	166
259	166
261	166
264	166
280	166
287	166
288	166
333	166
334	166
335	166
344	166
355	166
372	166
379	166
381	166
387	166
415	166
430	166
17	167
24	167
26	167
28	167
29	167
36	167
43	167
53	167
62	167
65	167
73	167
80	167
85	167
92	167
94	167
100	167
122	167
125	167
127	167
135	167
139	167
168	167
174	167
180	167
182	167
183	167
191	167
193	167
205	167
239	167
245	167
259	167
330	167
342	167
344	167
349	167
350	167
387	167
438	167
19	168
26	168
34	168
73	168
80	168
100	168
127	168
141	168
161	168
182	168
183	168
191	168
192	168
222	168
245	168
259	168
333	168
335	168
342	168
350	168
430	168
17	174
24	174
26	174
28	174
29	174
36	174
80	174
92	174
100	174
139	174
180	174
182	174
183	174
193	174
239	174
259	174
342	174
344	174
349	174
350	174
387	174
53	175
64	175
72	175
73	175
85	175
92	175
94	175
95	175
101	175
111	175
112	175
116	175
135	175
137	175
138	175
139	175
168	175
176	175
182	175
239	175
259	175
261	175
303	175
330	175
333	175
366	175
397	175
398	175
26	176
29	176
31	176
34	176
36	176
38	176
41	176
45	176
59	176
62	176
65	176
67	176
72	176
73	176
80	176
81	176
83	176
88	176
89	176
92	176
95	176
100	176
101	176
108	176
112	176
114	176
116	176
117	176
120	176
121	176
124	176
130	176
133	176
135	176
138	176
139	176
143	176
160	176
161	176
167	176
168	176
174	176
180	176
182	176
183	176
185	176
191	176
192	176
221	176
222	176
234	176
239	176
241	176
248	176
256	176
264	176
280	176
281	176
288	176
303	176
319	176
329	176
330	176
333	176
342	176
344	176
349	176
350	176
355	176
366	176
379	176
381	176
387	176
397	176
405	176
421	176
437	176
438	176
53	178
64	178
73	178
85	178
94	178
134	178
138	178
259	178
261	178
333	178
337	178
438	178
26	180
29	180
31	180
34	180
36	180
38	180
41	180
45	180
59	180
62	180
65	180
67	180
72	180
73	180
80	180
81	180
88	180
89	180
92	180
100	180
101	180
108	180
112	180
117	180
120	180
130	180
133	180
135	180
139	180
160	180
161	180
168	180
183	180
191	180
192	180
222	180
234	180
248	180
256	180
264	180
280	180
281	180
330	180
342	180
344	180
349	180
350	180
366	180
379	180
381	180
387	180
405	180
26	181
29	181
36	181
64	181
72	181
73	181
92	181
95	181
99	181
101	181
111	181
112	181
116	181
134	181
135	181
136	181
137	181
138	181
139	181
175	181
176	181
178	181
182	181
232	181
239	181
330	181
333	181
337	181
366	181
397	181
398	181
438	181
443	181
26	182
31	182
88	182
116	182
138	182
161	182
191	182
192	182
264	182
280	182
333	182
366	182
379	182
381	182
26	183
31	183
67	183
80	183
88	183
100	183
101	183
108	183
112	183
120	183
161	183
191	183
192	183
222	183
234	183
264	183
280	183
281	183
342	183
350	183
366	183
379	183
381	183
88	185
245	185
333	185
335	185
15	186
67	186
73	186
101	186
102	186
106	186
112	186
125	186
259	186
330	186
405	186
28	188
32	188
39	188
41	188
43	188
53	188
55	188
61	188
63	188
68	188
71	188
72	188
73	188
74	188
77	188
79	188
81	188
82	188
85	188
90	188
94	188
95	188
96	188
102	188
104	188
115	188
116	188
118	188
119	188
121	188
122	188
125	188
128	188
131	188
134	188
140	188
141	188
142	188
144	188
145	188
147	188
148	188
149	188
150	188
151	188
152	188
154	188
156	188
158	188
193	188
194	188
195	188
196	188
205	188
232	188
239	188
259	188
261	188
300	188
324	188
333	188
348	188
353	188
369	188
387	188
398	188
428	188
430	188
440	188
441	188
194	189
335	189
39	190
68	190
73	190
74	190
77	190
79	190
82	190
90	190
96	190
102	190
104	190
121	190
128	190
131	190
134	190
142	190
144	190
145	190
146	190
147	190
148	190
149	190
150	190
151	190
152	190
153	190
154	190
155	190
156	190
158	190
188	190
194	190
195	190
196	190
232	190
239	190
348	190
353	190
19	191
26	191
31	191
32	191
125	191
127	191
150	191
161	191
185	191
192	191
245	191
264	191
280	191
292	191
333	191
335	191
366	191
379	191
381	191
31	192
125	192
161	192
264	192
300	192
366	192
379	192
381	192
26	193
32	193
53	193
55	193
60	193
62	193
65	193
70	193
73	193
74	193
81	193
85	193
90	193
100	193
101	193
112	193
116	193
141	193
156	193
164	193
168	193
191	193
192	193
259	193
300	193
333	193
405	193
150	194
150	195
151	195
194	195
333	195
335	195
73	196
74	196
90	196
102	196
104	196
131	196
147	196
150	196
151	196
156	196
158	196
164	196
194	196
195	196
239	196
342	196
350	196
353	196
387	196
39	198
68	198
73	198
74	198
77	198
79	198
82	198
90	198
96	198
102	198
104	198
121	198
128	198
131	198
134	198
142	198
144	198
145	198
146	198
147	198
148	198
149	198
150	198
151	198
152	198
153	198
154	198
155	198
156	198
158	198
164	198
188	198
190	198
194	198
195	198
196	198
232	198
239	198
342	198
344	198
348	198
349	198
350	198
353	198
387	198
26	205
28	205
29	205
32	205
39	205
41	205
42	205
53	205
55	205
60	205
65	205
70	205
73	205
74	205
81	205
85	205
90	205
94	205
100	205
116	205
141	205
156	205
164	205
192	205
259	205
300	205
333	205
60	206
116	206
156	206
333	206
125	212
39	216
74	216
104	216
119	216
131	216
156	216
158	216
189	216
239	216
342	216
348	216
349	216
350	216
353	216
387	216
443	216
81	217
164	217
259	218
333	218
53	219
73	219
81	219
85	219
94	219
259	219
261	219
333	219
73	220
81	220
85	220
259	220
19	221
26	221
28	221
29	221
31	221
34	221
36	221
38	221
39	221
41	221
42	221
45	221
53	221
59	221
72	221
81	221
89	221
92	221
95	221
101	221
108	221
112	221
117	221
120	221
124	221
125	221
133	221
135	221
139	221
160	221
161	221
180	221
182	221
183	221
191	221
192	221
222	221
241	221
264	221
280	221
281	221
288	221
297	221
329	221
330	221
366	221
379	221
381	221
397	221
405	221
428	221
19	222
26	222
31	222
120	222
125	222
127	222
161	222
182	222
191	222
192	222
245	222
259	222
264	222
280	222
333	222
366	222
379	222
381	222
430	222
39	232
43	232
53	232
57	232
63	232
64	232
68	232
69	232
70	232
72	232
73	232
74	232
82	232
85	232
90	232
92	232
94	232
95	232
96	232
98	232
100	232
101	232
102	232
104	232
111	232
112	232
116	232
121	232
122	232
127	232
131	232
135	232
137	232
138	232
139	232
141	232
142	232
144	232
145	232
147	232
148	232
149	232
150	232
151	232
152	232
154	232
156	232
158	232
175	232
176	232
180	232
182	232
183	232
186	232
191	232
194	232
195	232
196	232
239	232
241	232
245	232
259	232
261	232
330	232
333	232
344	232
348	232
353	232
354	232
366	232
397	232
398	232
436	232
441	232
182	234
184	234
185	234
199	234
313	234
437	234
32	239
35	239
55	239
65	239
73	239
90	239
100	239
101	239
102	239
106	239
107	239
112	239
116	239
119	239
125	239
138	239
147	239
150	239
151	239
156	239
161	239
163	239
168	239
182	239
189	239
194	239
195	239
256	239
259	239
300	239
330	239
333	239
335	239
350	239
353	239
366	239
430	239
443	239
12	241
19	241
26	241
28	241
29	241
31	241
34	241
36	241
38	241
39	241
41	241
42	241
45	241
53	241
59	241
60	241
72	241
81	241
85	241
89	241
92	241
101	241
108	241
112	241
117	241
120	241
125	241
133	241
135	241
139	241
160	241
161	241
180	241
182	241
183	241
191	241
192	241
193	241
205	241
206	241
222	241
264	241
280	241
281	241
297	241
330	241
335	241
366	241
379	241
381	241
405	241
444	241
381	245
25	247
31	247
32	247
42	247
46	247
52	247
55	247
60	247
61	247
92	247
97	247
103	247
106	247
117	247
135	247
139	247
157	247
160	247
163	247
164	247
176	247
180	247
182	247
183	247
191	247
193	247
217	247
218	247
219	247
220	247
230	247
240	247
245	247
257	247
261	247
292	247
300	247
324	247
330	247
334	247
354	247
368	247
369	247
428	247
430	247
434	247
436	247
444	247
59	248
72	248
80	248
92	248
101	248
112	248
130	248
135	248
139	248
183	248
330	248
342	248
349	248
350	248
366	248
387	248
405	248
15	256
26	256
35	256
60	256
182	256
183	256
184	256
185	256
199	256
259	256
313	256
333	256
437	256
28	257
81	257
191	257
26	259
32	259
55	259
88	259
116	259
147	259
150	259
151	259
156	259
161	259
185	259
189	259
192	259
195	259
300	259
333	259
335	259
366	259
379	259
381	259
430	259
437	259
25	261
26	261
28	261
29	261
32	261
35	261
37	261
39	261
41	261
42	261
43	261
53	261
55	261
56	261
61	261
68	261
69	261
72	261
73	261
74	261
81	261
85	261
94	261
98	261
100	261
102	261
104	261
108	261
115	261
116	261
118	261
119	261
122	261
125	261
127	261
131	261
140	261
141	261
147	261
150	261
154	261
156	261
158	261
160	261
161	261
162	261
164	261
185	261
191	261
192	261
193	261
195	261
205	261
218	261
222	261
239	261
245	261
256	261
259	261
292	261
300	261
324	261
330	261
333	261
335	261
344	261
348	261
354	261
366	261
379	261
387	261
430	261
437	261
31	264
125	264
245	264
381	264
17	269
24	269
28	269
77	269
80	269
92	269
100	269
121	269
139	269
167	269
176	269
180	269
182	269
183	269
193	269
239	269
259	269
26	280
31	280
125	280
161	280
192	280
245	280
264	280
366	280
379	280
381	280
19	281
26	281
31	281
112	281
120	281
125	281
161	281
182	281
191	281
192	281
222	281
264	281
280	281
366	281
379	281
381	281
12	282
15	282
26	282
29	282
35	282
36	282
58	282
60	282
73	282
92	282
99	282
134	282
139	282
164	282
176	282
180	282
182	282
183	282
184	282
185	282
199	282
259	282
313	282
421	282
437	282
10	287
17	287
28	287
32	287
39	287
41	287
43	287
53	287
55	287
61	287
63	287
71	287
72	287
73	287
74	287
81	287
85	287
94	287
95	287
100	287
104	287
115	287
116	287
118	287
119	287
122	287
125	287
127	287
140	287
141	287
156	287
160	287
168	287
191	287
193	287
205	287
245	287
259	287
261	287
300	287
324	287
333	287
348	287
387	287
428	287
430	287
441	287
19	288
26	288
28	288
29	288
31	288
34	288
36	288
38	288
39	288
41	288
42	288
43	288
45	288
53	288
59	288
72	288
73	288
81	288
85	288
89	288
92	288
94	288
95	288
100	288
101	288
108	288
112	288
117	288
120	288
122	288
125	288
127	288
133	288
135	288
139	288
160	288
161	288
180	288
182	288
183	288
191	288
192	288
222	288
241	288
245	288
264	288
280	288
281	288
297	288
329	288
330	288
366	288
379	288
381	288
397	288
405	288
28	296
32	296
39	296
41	296
43	296
53	296
55	296
61	296
63	296
71	296
72	296
73	296
74	296
81	296
85	296
94	296
95	296
104	296
115	296
116	296
118	296
119	296
122	296
125	296
140	296
141	296
156	296
193	296
205	296
259	296
261	296
300	296
324	296
333	296
348	296
387	296
428	296
430	296
441	296
26	297
31	297
34	297
38	297
89	297
108	297
120	297
160	297
161	297
191	297
192	297
222	297
264	297
280	297
281	297
379	297
381	297
125	300
53	303
59	303
72	303
73	303
80	303
85	303
92	303
94	303
95	303
101	303
112	303
135	303
139	303
180	303
183	303
248	303
259	303
261	303
330	303
333	303
366	303
397	303
405	303
88	313
12	319
15	319
26	319
29	319
35	319
36	319
58	319
60	319
73	319
92	319
139	319
164	319
180	319
182	319
183	319
184	319
185	319
199	319
259	319
313	319
421	319
437	319
26	324
32	324
42	324
53	324
55	324
73	324
74	324
81	324
116	324
141	324
160	324
164	324
191	324
192	324
259	324
300	324
333	324
335	324
25	328
37	328
73	328
98	328
141	328
19	329
26	329
28	329
29	329
31	329
34	329
36	329
38	329
39	329
41	329
42	329
45	329
53	329
59	329
72	329
81	329
89	329
92	329
101	329
108	329
112	329
117	329
120	329
125	329
133	329
135	329
139	329
160	329
161	329
180	329
182	329
183	329
191	329
192	329
222	329
241	329
264	329
280	329
281	329
297	329
330	329
366	329
379	329
381	329
397	329
405	329
15	330
26	330
31	330
34	330
73	330
80	330
100	330
101	330
108	330
112	330
116	330
120	330
138	330
161	330
182	330
183	330
184	330
185	330
191	330
192	330
199	330
222	330
259	330
264	330
280	330
281	330
313	330
333	330
335	330
342	330
350	330
353	330
366	330
379	330
381	330
405	330
437	330
26	333
125	333
138	333
150	333
161	333
192	333
245	333
300	333
335	333
366	333
379	333
430	333
444	333
28	334
32	334
39	334
41	334
43	334
53	334
55	334
61	334
63	334
71	334
72	334
73	334
74	334
81	334
85	334
94	334
95	334
96	334
104	334
115	334
116	334
118	334
119	334
122	334
125	334
140	334
141	334
156	334
191	334
193	334
205	334
259	334
261	334
300	334
324	334
333	334
348	334
369	334
387	334
398	334
428	334
430	334
441	334
150	335
245	335
300	335
379	335
26	337
29	337
36	337
73	337
138	337
443	337
119	342
366	342
39	344
41	344
43	344
53	344
59	344
62	344
72	344
73	344
74	344
80	344
85	344
92	344
94	344
100	344
101	344
104	344
112	344
119	344
122	344
127	344
131	344
135	344
139	344
154	344
156	344
158	344
160	344
162	344
168	344
183	344
189	344
191	344
196	344
216	344
220	344
239	344
245	344
248	344
259	344
330	344
333	344
335	344
342	344
348	344
349	344
350	344
353	344
354	344
366	344
381	344
387	344
405	344
430	344
443	344
26	348
28	348
29	348
32	348
41	348
42	348
53	348
55	348
73	348
74	348
81	348
90	348
98	348
102	348
104	348
116	348
119	348
131	348
141	348
147	348
150	348
151	348
156	348
158	348
160	348
164	348
189	348
192	348
194	348
195	348
196	348
239	348
259	348
300	348
333	348
335	348
342	348
349	348
350	348
353	348
387	348
59	349
62	349
73	349
80	349
92	349
100	349
101	349
104	349
112	349
119	349
139	349
158	349
168	349
183	349
196	349
330	349
366	349
405	349
443	349
100	350
101	350
112	350
119	350
156	350
189	350
353	350
366	350
443	350
119	353
127	353
147	353
150	353
151	353
156	353
189	353
194	353
195	353
259	353
335	353
28	354
53	354
73	354
81	354
85	354
191	354
259	354
333	354
19	355
23	355
26	355
28	355
29	355
31	355
34	355
36	355
38	355
39	355
41	355
42	355
43	355
45	355
53	355
59	355
72	355
73	355
81	355
85	355
89	355
92	355
94	355
95	355
100	355
101	355
108	355
112	355
117	355
120	355
122	355
124	355
125	355
127	355
133	355
135	355
139	355
160	355
161	355
180	355
182	355
183	355
191	355
192	355
221	355
222	355
241	355
245	355
259	355
261	355
264	355
280	355
281	355
288	355
297	355
329	355
330	355
333	355
366	355
379	355
381	355
397	355
405	355
428	355
436	355
81	363
247	363
31	366
138	366
161	366
264	366
381	366
53	367
73	367
85	367
94	367
259	367
261	367
333	367
28	368
32	368
39	368
41	368
43	368
53	368
55	368
57	368
61	368
63	368
71	368
72	368
73	368
74	368
81	368
85	368
94	368
95	368
96	368
98	368
104	368
115	368
116	368
118	368
119	368
122	368
125	368
140	368
141	368
156	368
193	368
205	368
259	368
261	368
300	368
324	368
333	368
344	368
348	368
369	368
387	368
398	368
428	368
430	368
441	368
26	369
28	369
29	369
32	369
39	369
41	369
42	369
43	369
53	369
55	369
61	369
63	369
71	369
72	369
73	369
74	369
81	369
85	369
94	369
95	369
96	369
104	369
115	369
116	369
118	369
119	369
121	369
122	369
125	369
140	369
141	369
156	369
164	369
192	369
193	369
205	369
259	369
261	369
287	369
296	369
300	369
324	369
333	369
348	369
387	369
428	369
430	369
441	369
15	372
16	372
23	372
25	372
32	372
37	372
39	372
40	372
43	372
53	372
57	372
58	372
63	372
69	372
73	372
74	372
75	372
77	372
82	372
85	372
94	372
98	372
100	372
116	372
122	372
127	372
134	372
135	372
141	372
145	372
148	372
149	372
150	372
151	372
153	372
154	372
160	372
162	372
168	372
184	372
185	372
191	372
195	372
199	372
219	372
245	372
259	372
261	372
313	372
328	372
330	372
333	372
335	372
344	372
387	372
421	372
428	372
430	372
436	372
437	372
441	372
31	379
125	379
161	379
245	379
264	379
366	379
381	379
26	387
28	387
29	387
32	387
42	387
43	387
53	387
55	387
62	387
73	387
74	387
80	387
81	387
85	387
92	387
98	387
100	387
101	387
104	387
112	387
116	387
119	387
127	387
131	387
139	387
141	387
156	387
158	387
160	387
164	387
168	387
183	387
189	387
191	387
192	387
239	387
245	387
259	387
300	387
330	387
333	387
350	387
353	387
366	387
405	387
430	387
443	387
28	392
53	392
68	392
69	392
73	392
75	392
81	392
94	392
98	392
102	392
104	392
115	392
156	392
158	392
186	392
26	397
28	397
29	397
31	397
34	397
36	397
38	397
41	397
43	397
45	397
53	397
55	397
59	397
67	397
68	397
69	397
72	397
73	397
80	397
81	397
89	397
92	397
94	397
98	397
101	397
102	397
104	397
108	397
112	397
115	397
116	397
117	397
120	397
130	397
133	397
135	397
138	397
139	397
156	397
158	397
160	397
161	397
180	397
182	397
183	397
186	397
191	397
192	397
193	397
222	397
239	397
241	397
248	397
264	397
280	397
281	397
330	397
333	397
342	397
344	397
349	397
350	397
366	397
379	397
381	397
387	397
405	397
26	398
28	398
29	398
31	398
32	398
34	398
36	398
38	398
39	398
41	398
42	398
43	398
45	398
53	398
55	398
59	398
63	398
64	398
67	398
68	398
69	398
72	398
73	398
74	398
75	398
80	398
81	398
83	398
89	398
92	398
94	398
95	398
98	398
101	398
102	398
104	398
108	398
111	398
112	398
114	398
115	398
116	398
117	398
120	398
121	398
124	398
130	398
133	398
135	398
138	398
139	398
141	398
156	398
158	398
160	398
161	398
164	398
176	398
180	398
182	398
183	398
186	398
191	398
192	398
193	398
221	398
222	398
239	398
241	398
248	398
261	398
264	398
280	398
281	398
287	398
288	398
296	398
300	398
303	398
329	398
330	398
333	398
342	398
344	398
349	398
350	398
355	398
366	398
369	398
379	398
381	398
387	398
397	398
405	398
428	398
26	405
31	405
34	405
55	405
67	405
73	405
80	405
101	405
102	405
108	405
112	405
120	405
156	405
161	405
182	405
183	405
191	405
192	405
222	405
264	405
280	405
281	405
342	405
350	405
366	405
379	405
381	405
11	415
19	415
26	415
29	415
31	415
32	415
34	415
36	415
37	415
38	415
41	415
43	415
44	415
45	415
53	415
57	415
63	415
65	415
67	415
73	415
76	415
83	415
85	415
89	415
94	415
99	415
100	415
104	415
106	415
108	415
110	415
114	415
115	415
117	415
118	415
120	415
121	415
122	415
124	415
127	415
130	415
133	415
134	415
153	415
157	415
158	415
160	415
161	415
164	415
167	415
168	415
191	415
192	415
205	415
221	415
222	415
232	415
241	415
245	415
264	415
280	415
281	415
287	415
288	415
300	415
312	415
329	415
355	415
379	415
381	415
436	415
81	421
88	421
135	421
185	421
189	421
234	421
256	421
330	421
333	421
437	421
25	428
26	428
28	428
29	428
31	428
32	428
34	428
36	428
38	428
39	428
41	428
42	428
43	428
45	428
53	428
55	428
60	428
61	428
63	428
71	428
72	428
73	428
74	428
75	428
81	428
85	428
89	428
94	428
95	428
104	428
108	428
115	428
116	428
117	428
118	428
119	428
120	428
122	428
124	428
125	428
131	428
133	428
140	428
141	428
150	428
151	428
154	428
156	428
160	428
161	428
164	428
191	428
192	428
193	428
205	428
222	428
239	428
241	428
259	428
261	428
264	428
280	428
281	428
288	428
297	428
300	428
324	428
329	428
333	428
335	428
348	428
379	428
381	428
387	428
430	428
441	428
26	430
161	430
192	430
300	430
335	430
81	434
25	436
26	436
28	436
29	436
34	436
38	436
39	436
41	436
43	436
45	436
63	436
68	436
75	436
81	436
89	436
98	436
100	436
104	436
108	436
118	436
120	436
122	436
124	436
131	436
133	436
140	436
141	436
150	436
154	436
158	436
160	436
161	436
162	436
167	436
168	436
185	436
191	436
222	436
261	436
264	436
280	436
287	436
288	436
333	436
335	436
344	436
379	436
381	436
387	436
88	437
185	437
333	437
335	437
17	438
24	438
26	438
28	438
29	438
36	438
43	438
80	438
92	438
100	438
138	438
139	438
180	438
182	438
183	438
193	438
239	438
259	438
333	438
337	438
342	438
344	438
349	438
350	438
387	438
26	440
28	440
29	440
32	440
39	440
41	440
42	440
53	440
55	440
63	440
73	440
74	440
77	440
79	440
81	440
116	440
121	440
134	440
141	440
164	440
192	440
261	440
287	440
296	440
300	440
333	440
334	440
368	440
369	440
428	440
26	441
28	441
29	441
32	441
39	441
41	441
42	441
53	441
55	441
63	441
73	441
74	441
81	441
85	441
94	441
98	441
100	441
104	441
116	441
122	441
131	441
141	441
154	441
162	441
164	441
192	441
220	441
239	441
259	441
261	441
297	441
300	441
333	441
335	441
344	441
354	441
381	441
387	441
430	441
138	443
156	443
234	443
253	443
342	443
353	443
